1100000000000000000000000000000000000000000000000000000000000000000000000000000000001
0110000000000000000000000000000000000000000000000000000000000000000000000000000000001
0011000000000000000000000000000000000000000000000000000000000000000000000000000000001
0001100000000000000000000000000000000000000000000000000000000000000000000000000000001
0000110000000000000000000000000000000000000000000000000000000000000000000000000000001
0000011000000000000000000000000000000000000000000000000000000000000000000000000000001
0000001100000000000000000000000000000000000000000000000000000000000000000000000000001
0000000110000000000000000000000000000000000000000000000000000000000000000000000000001
0000000011000000000000000000000000000000000000000000000000000000000000000000000000001
0000000001100000000000000000000000000000000000000000000000000000000000000000000000001
0000000000110000000000000000000000000000000000000000000000000000000000000000000000001
0000000000001100000000000000000000000000000000000000000000000000000000000000000000001
0000000000000000011000000000000000000000000000000000000000000000000000000000000000001
0000000000000000001100000000000000000000000000000000000000000000000000000000000000001
0000000000000000000001100000000000000000000000000000000000000000000000000000000000001
0000000000000000000000110000000000000000000000000000000000000000000000000000000000001
0000000000000000000000001100000000000000000000000000000000000000000000000000000000001
0000000000000000000000000001100000000000000000000000000000000000000000000000000000001
0000000000000000000000000000110000000000000000000000000000000000000000000000000000001
0000000000000000000000000000000110000000000000000000000000000000000000000000000000001
0000000000000000000000000000000011000000000000000000000000000000000000000000000000001
0000000000000000000000000000000000001100000000000000000000000000000000000000000000001
0000000000000000000000000000000000000110000000000000000000000000000000000000000000001
0000000000000000000000000000000000000000110000000000000000000000000000000000000000001
0000000000000000000000000000000000000000011000000000000000000000000000000000000000001
0000000000000000000000000000000000000000001100000000000000000000000000000000000000001
0000000000000000000000000000000000000000000110000000000000000000000000000000000000001
0000000000000000000000000000000000000000000011000000000000000000000000000000000000001
0000000000000000000000000000000000000000000001100000000000000000000000000000000000001
0000000000000000000000000000000000000000000000110000000000000000000000000000000000001
0000000000000000000000000000000000000000000000000011000000000000000000000000000000001
0000000000000000000000000000000000000000000000000000000110000000000000000000000000001
0000000000000000000000000000000000000000000000000000000011000000000000000000000000001
0000000000000000000000000000000000000000000000000000000001100000000000000000000000001
0000000000000000000000000000000000000000000000000000000000110000000000000000000000001
0000000000000000000000000000000000000000000000000000000000001100000000000000000000001
0000000000000000000000000000000000000000000000000000000000000001100000000000000000001
0000000000000000000000000000000000000000000000000000000000000000110000000000000000001
0000000000000000000000000000000000000000000000000000000000000000000110000000000000001
0000000000000000000000000000000000000000000000000000000000000000000011000000000000001
0000000000000000000000000000000000000000000000000000000000000000000000000011000000001
0000000000000000000000000000000000000000000000000000000000000000000000000000011000001
0000000000000000000000000000000000000000000000000000000000000000000000000000001100001
0000000000000000000000000000000000000000000000000000000000000000000000000000000110001
0000000000000000000000000000000000000000000000000000000000000000000000000000000011001
0000000000000000000000000000000000000000000000000000000000000000000000000000000001101
0000000000000000000000000000000000000000000000000000000000000000000000000000000000111
0000000000000000000000000000000000000000000000000000000000000000000000000000000000001
1000000000001000000000000000000000000000000000000000000000000000000000000000000000001
0100000000000100000000000000000000000000000000000000000000000000000000000000000000001
0001000000000001000000000000000000000000000000000000000000000000000000000000000000001
0000010000000000010000000000000000000000000000000000000000000000000000000000000000001
0000001000000000001000000000000000000000000000000000000000000000000000000000000000001
0000000100000000000100000000000000000000000000000000000000000000000000000000000000001
0000000001000000000001000000000000000000000000000000000000000000000000000000000000001
0000000000100000000000100000000000000000000000000000000000000000000000000000000000001
0000000000010000000000010000000000000000000000000000000000000000000000000000000000001
0000000000001000000000001000000000000000000000000000000000000000000000000000000000001
0000000000000100000000000100000000000000000000000000000000000000000000000000000000001
0000000000000001000000000001000000000000000000000000000000000000000000000000000000001
0000000000000000010000000000010000000000000000000000000000000000000000000000000000001
0000000000000000000100000000000100000000000000000000000000000000000000000000000000001
0000000000000000000001000000000001000000000000000000000000000000000000000000000000001
0000000000000000000000010000000000010000000000000000000000000000000000000000000000001
0000000000000000000000001000000000001000000000000000000000000000000000000000000000001
0000000000000000000000000100000000000100000000000000000000000000000000000000000000001
0000000000000000000000000000100000000000100000000000000000000000000000000000000000001
0000000000000000000000000000010000000000010000000000000000000000000000000000000000001
0000000000000000000000000000000100000000000100000000000000000000000000000000000000001
0000000000000000000000000000000010000000000010000000000000000000000000000000000000001
0000000000000000000000000000000001000000000001000000000000000000000000000000000000001
0000000000000000000000000000000000010000000000010000000000000000000000000000000000001
0000000000000000000000000000000000001000000000001000000000000000000000000000000000001
0000000000000000000000000000000000000010000000000010000000000000000000000000000000001
0000000000000000000000000000000000000000010000000000010000000000000000000000000000002
2200000000002000000000000000000000000000010000000000010000000000000000000000000000002
0022000000000020000000000000000000000000010000000000010000000000000000000000000000002
0002200000000002000000000000000000000000010000000000010000000000000000000000000000002
0000220000000000200000000000000000000000010000000000010000000000000000000000000000002
0000022000000000020000000000000000000000010000000000010000000000000000000000000000002
0000002200000000002000000000000000000000010000000000010000000000000000000000000000002
0000000220000000000200000000000000000000010000000000010000000000000000000000000000002
0000000022000000000020000000000000000000010000000000010000000000000000000000000000002
0000000002200000000002000000000000000000010000000000010000000000000000000000000000002
0000000000220000000000200000000000000000010000000000010000000000000000000000000000002
0000000000000002200000000002000000000000010000000000010000000000000000000000000000002
0000000000000000220000000000200000000000010000000000010000000000000000000000000000002
0000000000000000022000000000020000000000010000000000010000000000000000000000000000002
0000000000000000002200000000002000000000010000000000010000000000000000000000000000002
0000000000000000000220000000000200000000010000000000010000000000000000000000000000002
0000000000000000000022000000000020000000010000000000010000000000000000000000000000002
3330000000000000000002200000000002000000010000000000010000000000000000000000000000003
0333000000000000000002200000000002000000010000000000010000000000000000000000000000003
0033300000000000000002200000000002000000010000000000010000000000000000000000000000003
0003330000000000000002200000000002000000010000000000010000000000000000000000000000003
0000333000000000000002200000000002000000010000000000010000000000000000000000000000003
0000033300000000000002200000000002000000010000000000010000000000000000000000000000003
0000003330000000000002200000000002000000010000000000010000000000000000000000000000003
0000000333000000000002200000000002000000010000000000010000000000000000000000000000003
0000000033300000000002200000000002000000010000000000010000000000000000000000000000003
0000000003330000000002200000000002000000010000000000010000000000000000000000000000003
0000000000000000033302200000000002000000010000000000010000000000000000000000000000003
0000000000000000003332200000000002000000010000000000010000000000000000000000000000003
0000000000000000000002200003330002000000010000000000010000000000000000000000000000003
0000000000000000000002200000000002003330010000000000010000000000000000000000000000003
0000000000000000000002200000000002000000013330000000010000000000000000000000000000003
0000000000000000000002200000000002000000010333000000010000000000000000000000000000003
0000000000000000000002200000000002000000010033300000010000000000000000000000000000003
0000000000000000000002200000000002000000010003330000010000000000000000000000000000003
0000000000000000000002200000000002000000010000000000013330000000000000000000000000003
0000000000000000000002200000000002000000010000000000010333000000000000000000000000003
0000000000000000000002200000000002000000010000000000010033300000000000000000000000003
0000000000000000000002200000000002000000010000000000010003330000000000000000000000003
0000000000000000000002200000000002000000010000000000010000000003330000000000000000003
0000000000000000000002200000000002000000010000000000010000000000000333000000000000003
0000000000000000000002200000000002000000010000000000010000000000000000000000033300003
0000000000000000000002200000000002000000010000000000010000000000000000000000003330003
0000000000000000000002200000000002000000010000000000010000000000000000000000000333003
0000000000000000000002200000000002000000010000000000010000000000000000000000000033303
0000000000000000000002200000000002000000010000000000010000000000000000000000000003333
3000000000003000000002203000000002000000010000000000010000000000000000000000000000003
0300000000000300000002200300000002000000010000000000010000000000000000000000000000003
0003000000000003000002200003000002000000010000000000010000000000000000000000000000003
0000030000000000030002200000030002000000010000000000010000000000000000000000000000003
0000000300000000000302200000000302000000010000000000010000000000000000000000000000003
0000000030000000000032200000000032000000010000000000010000000000000000000000000000003
0000000000030000000002230000000002030000010000000000010000000000000000000000000000003
0000000000003000000002203000000002003000010000000000010000000000000000000000000000003
0000000000000300000002200300000002000300010000000000010000000000000000000000000000003
0000000000000000000302200000000302000000010300000000010000000000000000000000000000003
0000000000000000000032200000000032000000010030000000010000000000000000000000000000003
0000000000000000000002230000000002030000010000030000010000000000000000000000000000003
0000000000000000000002203000000002003000010000003000010000000000000000000000000000003
0000000000000000000002200000000302000000010300000000010300000000000000000000000000003
0000000000000000000002200000000032000000010030000000010030000000000000000000000000003
0000000000000000000002200000000002030000010000030000010000030000000000000000000000003
0000000000000000000002200000000002003000010000003000010000003000000000000000000000003
0000000000000000000002200000000002000000010300000000010300000000000300000000000000003
0000000000000000000002200000000002000000010030000000010030000000000030000000000000003
0000000000000000000002200000000002000000010003000000010003000000000003000000000000003
0000000000000000000002200000000002000000010000030000010000030000000000030000000000003
0000000000000000000002200000000002000000010000003000010000003000000000003000000000003
0000000000000000000002200000000002000000010000000003010000000003000000000003000000003
0000000000000000000002200000000002000000010000000000010300000000000300000000000300003
0000000000000000000002200000000002000000010000000000010030000000000030000000000030003
0000000000000000000002200000000002000000010000000000010003000000000003000000000003003
0000000000000000000002200000000002000000010000000000010000030000000000030000000000034
0044000000000044000002200000000002000000010000000000010000030000000000030000000000034
0004400000000004400002200000000002000000010000000000010000030000000000030000000000034
0000440000000000440002200000000002000000010000000000010000030000000000030000000000034
0000044000000000044002200000000002000000010000000000010000030000000000030000000000034
0000004400000000004402200000000002000000010000000000010000030000000000030000000000034
0000000440000000000442200000000002000000010000000000010000030000000000030000000000034
0000000000000004400002200004400002000000010000000000010000030000000000030000000000034
0000000000000000440002200000440002000000010000000000010000030000000000030000000000034
0000000000000000044002200000044002000000010000000000010000030000000000030000000000034
0000000000000000004402200000004402000000010000000000010000030000000000030000000000034
0000000000000000000442200000000442000000010000000000010000030000000000030000000000034
0000000000000000000002204400000002004400010000000000010000030000000000030000000000034
0000000000000000000002200000004402000000014400000000010000030000000000030000000000034
0000000000000000000002200000000442000000010440000000010000030000000000030000000000034
0000000000000000000002200000000002440000010000440000010000030000000000030000000000034
0000000000000000000002200000000002004400010000004400010000030000000000030000000000034
0000000000000000000002200000000002000440010000000440010000030000000000030000000000034
0000000000000000000002200000000002000000014400000000014400030000000000030000000000034
0000000000000000000002200000000002000000010440000000010440030000000000030000000000034
0000000000000000000002200000000002000000010044000000010044030000000000030000000000034
0000000000000000000002200000000002000000010004400000010004430000000000030000000000034
0000000000000000000002200000000002000000010000004400010000034400000000030000000000034
0000000000000000000002200000000002000000010000000440010000030440000000030000000000034
0000000000000000000002200000000002000000010000000044010000030044000000030000000000034
0000000000000000000002200000000002000000010000000000014400030000004400030000000000034
0000000000000000000002200000000002000000010000000000010440030000000440030000000000034
0000000000000000000002200000000002000000010000000000010044030000000044030000000000034
0000000000000000000002200000000002000000010000000000010004430000000004430000000000034
0000000000000000000002200000000002000000010000000000010000034400000000034400000000035
5555000000000000000002200000000002000000010000000000010000034400000000034400000000035
0555500000000000000002200000000002000000010000000000010000034400000000034400000000035
0055550000000000000002200000000002000000010000000000010000034400000000034400000000035
0005555000000000000002200000000002000000010000000000010000034400000000034400000000035
0000555500000000000002200000000002000000010000000000010000034400000000034400000000035
0000055550000000000002200000000002000000010000000000010000034400000000034400000000035
0000005555000000000002200000000002000000010000000000010000034400000000034400000000035
0000000555500000000002200000000002000000010000000000010000034400000000034400000000035
0000000055550000000002200000000002000000010000000000010000034400000000034400000000035
0000000000000055550002200000000002000000010000000000010000034400000000034400000000035
0000000000000005555002200000000002000000010000000000010000034400000000034400000000035
0000000000000000555502200000000002000000010000000000010000034400000000034400000000035
0000000000000000055552200000000002000000010000000000010000034400000000034400000000035
0000000000000000000002200005555002000000010000000000010000034400000000034400000000035
0000000000000000000002200000555502000000010000000000010000034400000000034400000000035
0000000000000000000002200000055552000000010000000000010000034400000000034400000000035
0000000000000000000002200000000002000000015555000000010000034400000000034400000000035
0000000000000000000002200600000002000660010555500600010000034400000000034400000000036
0000000000000000000002200000000002000060010555500066010000034460000000034400000000036
0000000000000000000002200000000002000000010555500006010000034406600000034406000000036
